knn3: 1; 1; [[1.]]; [[ 1.  1. 18.]]; [[43134. 72218. 94940.]]
knn5: 1; 1; [[1.]]; [[ 1.  1. 18. 10.  1.]]; [[ 43134.  72218.  94940.  99766. 100540.]]
knn7: 1; 1; [[1.]]; [[ 1.  1. 18. 10.  1. 38.  1.]]; [[ 43134.  72218.  94940.  99766. 100540. 105448. 106576.]]
knn3: 2; 2; [[2.]]; [[2. 2. 2.]]; [[14192. 16714. 18450.]]
knn5: 2; 2; [[2.]]; [[2. 2. 2. 2. 2.]]; [[14192. 16714. 18450. 18754. 19612.]]
knn7: 2; 2; [[2.]]; [[2. 2. 2. 2. 2. 2. 2.]]; [[14192. 16714. 18450. 18754. 19612. 20882. 21774.]]
knn3: 3; 3; [[3.]]; [[ 3.  5. 21.]]; [[20166. 33338. 35598.]]
knn5: 3; 3; [[3.]]; [[ 3.  5. 21. 12. 18.]]; [[20166. 33338. 35598. 36068. 36938.]]
knn7: 3; 3; [[3.]]; [[ 3.  5. 21. 12. 18.  3.  3.]]; [[20166. 33338. 35598. 36068. 36938. 37096. 37962.]]
knn3: 4; 4; [[4.]]; [[ 4. 18.  5.]]; [[26546. 27412. 28344.]]
knn5: 4; 5; [[5.]]; [[ 4. 18.  5.  5. 18.]]; [[26546. 27412. 28344. 31942. 32124.]]
knn7: 4; 5; [[5.]]; [[ 4. 18.  5.  5. 18. 29.  9.]]; [[26546. 27412. 28344. 31942. 32124. 32656. 32944.]]
knn3: 5; 5; [[5.]]; [[ 5.  5. 23.]]; [[18920. 31158. 40726.]]
knn5: 5; 5; [[5.]]; [[ 5.  5. 23.  5.  5.]]; [[18920. 31158. 40726. 44086. 48464.]]
knn7: 5; 5; [[5.]]; [[ 5.  5. 23.  5.  5. 19.  9.]]; [[18920. 31158. 40726. 44086. 48464. 56672. 57572.]]
knn3: 6; 6; [[6.]]; [[6. 6. 6.]]; [[16784. 21218. 23456.]]
knn5: 6; 6; [[6.]]; [[6. 6. 6. 6. 6.]]; [[16784. 21218. 23456. 23716. 26392.]]
knn7: 6; 6; [[6.]]; [[ 6.  6.  6.  6.  6. 29. 18.]]; [[16784. 21218. 23456. 23716. 26392. 34562. 36492.]]
knn3: 7; 7; [[7.]]; [[7. 7. 7.]]; [[13946. 14330. 14704.]]
knn5: 7; 7; [[7.]]; [[7. 7. 7. 7. 7.]]; [[13946. 14330. 14704. 15098. 16236.]]
knn7: 7; 7; [[7.]]; [[7. 7. 7. 7. 7. 7. 7.]]; [[13946. 14330. 14704. 15098. 16236. 16640. 19034.]]
knn3: 8; 8; [[8.]]; [[8. 8. 8.]]; [[22026. 24822. 31620.]]
knn5: 8; 8; [[8.]]; [[ 8.  8.  8.  8. 35.]]; [[22026. 24822. 31620. 45336. 72382.]]
knn7: 8; 8; [[8.]]; [[ 8.  8.  8.  8. 35. 35. 19.]]; [[22026. 24822. 31620. 45336. 72382. 77490. 82516.]]
knn3: 9; 9; [[9.]]; [[ 9.  9. 21.]]; [[23068. 25352. 26144.]]
knn5: 9; 9; [[9.]]; [[ 9.  9. 21.  9.  9.]]; [[23068. 25352. 26144. 27206. 28566.]]
knn7: 9; 9; [[9.]]; [[ 9.  9. 21.  9.  9. 29. 12.]]; [[23068. 25352. 26144. 27206. 28566. 31472. 31678.]]
knn3: 10; 10; [[10.]]; [[10. 10. 10.]]; [[14112. 27576. 30492.]]
knn5: 10; 10; [[10.]]; [[10. 10. 10. 16. 10.]]; [[14112. 27576. 30492. 30500. 35348.]]
knn7: 10; 10; [[10.]]; [[10. 10. 10. 16. 10. 29. 10.]]; [[14112. 27576. 30492. 30500. 35348. 41950. 44054.]]
knn3: 11; 11; [[11.]]; [[11. 11. 11.]]; [[18298. 21126. 21934.]]
knn5: 11; 11; [[11.]]; [[11. 11. 11. 11. 11.]]; [[18298. 21126. 21934. 23190. 27146.]]
knn7: 11; 11; [[11.]]; [[11. 11. 11. 11. 11. 32. 11.]]; [[18298. 21126. 21934. 23190. 27146. 27442. 27620.]]
knn3: 12; 12; [[12.]]; [[12. 12.  9.]]; [[27866. 33166. 33246.]]
knn5: 12; 12; [[12.]]; [[12. 12.  9. 12.  9.]]; [[27866. 33166. 33246. 37450. 39320.]]
knn7: 12; 12; [[12.]]; [[12. 12.  9. 12.  9. 12. 12.]]; [[27866. 33166. 33246. 37450. 39320. 41990. 42076.]]
knn3: 13; 13; [[13.]]; [[13. 39. 13.]]; [[18290. 29238. 34938.]]
knn5: 13; 39; [[39.]]; [[13. 39. 13. 39. 39.]]; [[18290. 29238. 34938. 35268. 36454.]]
knn7: 13; 13; [[13.]]; [[13. 39. 13. 39. 39.  3. 13.]]; [[18290. 29238. 34938. 35268. 36454. 37900. 38124.]]
knn3: 14; 14; [[14.]]; [[14. 14. 14.]]; [[18510. 21020. 21050.]]
knn5: 14; 14; [[14.]]; [[14. 14. 14. 14. 14.]]; [[18510. 21020. 21050. 23734. 24096.]]
knn7: 14; 14; [[14.]]; [[14. 14. 14. 14. 14. 14. 14.]]; [[18510. 21020. 21050. 23734. 24096. 29778. 30598.]]
knn3: 15; 15; [[15.]]; [[15. 15. 15.]]; [[15238. 16686. 18524.]]
knn5: 15; 15; [[15.]]; [[15. 15. 15. 15. 34.]]; [[15238. 16686. 18524. 20958. 24942.]]
knn7: 15; 15; [[15.]]; [[15. 15. 15. 15. 34. 34. 34.]]; [[15238. 16686. 18524. 20958. 24942. 25516. 27182.]]
knn3: 16; 16; [[16.]]; [[16. 16. 16.]]; [[14296. 24252. 24828.]]
knn5: 16; 16; [[16.]]; [[16. 16. 16. 16. 16.]]; [[14296. 24252. 24828. 28754. 29826.]]
knn7: 16; 16; [[16.]]; [[16. 16. 16. 16. 16. 16.  2.]]; [[14296. 24252. 24828. 28754. 29826. 35584. 39454.]]
knn3: 17; 17; [[17.]]; [[17. 17. 17.]]; [[18482. 21302. 28602.]]
knn5: 17; 17; [[17.]]; [[17. 17. 17. 22. 22.]]; [[18482. 21302. 28602. 46028. 52460.]]
knn7: 17; 17; [[17.]]; [[17. 17. 17. 22. 22. 20. 22.]]; [[18482. 21302. 28602. 46028. 52460. 54904. 56028.]]
knn3: 18; 18; [[18.]]; [[18. 18. 18.]]; [[19920. 20440. 22914.]]
knn5: 18; 18; [[18.]]; [[18. 18. 18. 29. 18.]]; [[19920. 20440. 22914. 24124. 24304.]]
knn7: 18; 18; [[18.]]; [[18. 18. 18. 29. 18. 13. 21.]]; [[19920. 20440. 22914. 24124. 24304. 24688. 24970.]]
knn3: 19; 19; [[19.]]; [[19. 19. 19.]]; [[19894. 30196. 30450.]]
knn5: 19; 19; [[19.]]; [[19. 19. 19.  9. 19.]]; [[19894. 30196. 30450. 34746. 34894.]]
knn7: 19; 19; [[19.]]; [[19. 19. 19.  9. 19.  4.  9.]]; [[19894. 30196. 30450. 34746. 34894. 41186. 42654.]]
knn3: 20; 20; [[20.]]; [[20. 20. 29.]]; [[22818. 46914. 47768.]]
knn5: 20; 20; [[20.]]; [[20. 20. 29. 29. 13.]]; [[22818. 46914. 47768. 49594. 50274.]]
knn7: 20; 20; [[20.]]; [[20. 20. 29. 29. 13. 29. 20.]]; [[22818. 46914. 47768. 49594. 50274. 50660. 51470.]]
knn3: 21; 5; [[5.]]; [[21. 29.  5.]]; [[22112. 22826. 24622.]]
knn5: 21; 21; [[21.]]; [[21. 29.  5. 21. 18.]]; [[22112. 22826. 24622. 24920. 27284.]]
knn7: 21; 5; [[5.]]; [[21. 29.  5. 21. 18.  5. 18.]]; [[22112. 22826. 24622. 24920. 27284. 28130. 28250.]]
knn3: 22; 22; [[22.]]; [[22. 22. 22.]]; [[19588. 26372. 27526.]]
knn5: 22; 22; [[22.]]; [[22. 22. 22. 22. 22.]]; [[19588. 26372. 27526. 28684. 29960.]]
knn7: 22; 22; [[22.]]; [[22. 22. 22. 22. 22. 22. 22.]]; [[19588. 26372. 27526. 28684. 29960. 31894. 36176.]]
knn3: 23; 23; [[23.]]; [[23. 23. 23.]]; [[24052. 44862. 58978.]]
knn5: 23; 23; [[23.]]; [[23. 23. 23. 23. 31.]]; [[24052. 44862. 58978. 68970. 70472.]]
knn7: 23; 23; [[23.]]; [[23. 23. 23. 23. 31.  5. 23.]]; [[24052. 44862. 58978. 68970. 70472. 71020. 71078.]]
knn3: 24; 24; [[24.]]; [[24. 24. 16.]]; [[26154. 46708. 47420.]]
knn5: 24; 16; [[16.]]; [[24. 24. 16. 16. 16.]]; [[26154. 46708. 47420. 52030. 58002.]]
knn7: 24; 16; [[16.]]; [[24. 24. 16. 16. 16.  1. 16.]]; [[26154. 46708. 47420. 52030. 58002. 60322. 61312.]]
knn3: 25; 25; [[25.]]; [[25. 25. 25.]]; [[20940. 22308. 32564.]]
knn5: 25; 25; [[25.]]; [[25. 25. 25. 25.  9.]]; [[20940. 22308. 32564. 39096. 40318.]]
knn7: 25; 25; [[25.]]; [[25. 25. 25. 25.  9. 25. 40.]]; [[20940. 22308. 32564. 39096. 40318. 46442. 46856.]]
knn3: 26; 26; [[26.]]; [[15. 26. 26.]]; [[29812. 30560. 32732.]]
knn5: 26; 15; [[15.]]; [[15. 26. 26. 15. 15.]]; [[29812. 30560. 32732. 36242. 38218.]]
knn7: 26; 15; [[15.]]; [[15. 26. 26. 15. 15. 15. 26.]]; [[29812. 30560. 32732. 36242. 38218. 38706. 39164.]]
knn3: 27; 27; [[27.]]; [[27. 27. 27.]]; [[12322. 13744. 13852.]]
knn5: 27; 27; [[27.]]; [[27. 27. 27. 27. 27.]]; [[12322. 13744. 13852. 14106. 16476.]]
knn7: 27; 27; [[27.]]; [[27. 27. 27. 27. 27. 27. 27.]]; [[12322. 13744. 13852. 14106. 16476. 18842. 21048.]]
knn3: 28; 28; [[28.]]; [[28. 28. 28.]]; [[19576. 23178. 27744.]]
knn5: 28; 28; [[28.]]; [[28. 28. 28. 39. 13.]]; [[19576. 23178. 27744. 33548. 35676.]]
knn7: 28; 28; [[28.]]; [[28. 28. 28. 39. 13. 13.  1.]]; [[19576. 23178. 27744. 33548. 35676. 35970. 39412.]]
knn3: 29; 29; [[29.]]; [[29. 29. 21.]]; [[18644. 21518. 35900.]]
knn5: 29; 29; [[29.]]; [[29. 29. 21. 29. 29.]]; [[18644. 21518. 35900. 36848. 37116.]]
knn7: 29; 29; [[29.]]; [[29. 29. 21. 29. 29. 29. 29.]]; [[18644. 21518. 35900. 36848. 37116. 38280. 38326.]]
knn3: 30; 30; [[30.]]; [[30. 30. 30.]]; [[19502. 21746. 21764.]]
knn5: 30; 30; [[30.]]; [[30. 30. 30. 30. 17.]]; [[19502. 21746. 21764. 22652. 33202.]]
knn7: 30; 30; [[30.]]; [[30. 30. 30. 30. 17. 33. 30.]]; [[19502. 21746. 21764. 22652. 33202. 35986. 37294.]]
knn3: 31; 31; [[31.]]; [[31. 31. 20.]]; [[19012. 40418. 41468.]]
knn5: 31; 20; [[20.]]; [[31. 31. 20.  4. 20.]]; [[19012. 40418. 41468. 45778. 48286.]]
knn7: 31; 20; [[20.]]; [[31. 31. 20.  4. 20. 20. 20.]]; [[19012. 40418. 41468. 45778. 48286. 49916. 51222.]]
knn3: 32; 32; [[32.]]; [[32. 32. 32.]]; [[16588. 20582. 22824.]]
knn5: 32; 32; [[32.]]; [[32. 32. 32. 32. 32.]]; [[16588. 20582. 22824. 24736. 30194.]]
knn7: 32; 32; [[32.]]; [[32. 32. 32. 32. 32. 32. 32.]]; [[16588. 20582. 22824. 24736. 30194. 32908. 35660.]]
knn3: 33; 33; [[33.]]; [[33. 33. 33.]]; [[24556. 29548. 30272.]]
knn5: 33; 33; [[33.]]; [[33. 33. 33. 33. 33.]]; [[24556. 29548. 30272. 35714. 44646.]]
knn7: 33; 33; [[33.]]; [[33. 33. 33. 33. 33. 30. 30.]]; [[24556. 29548. 30272. 35714. 44646. 47436. 47750.]]
knn3: 34; 34; [[34.]]; [[34. 34. 34.]]; [[10168. 21870. 25904.]]
knn5: 34; 34; [[34.]]; [[34. 34. 34. 34. 34.]]; [[10168. 21870. 25904. 28706. 31848.]]
knn7: 34; 34; [[34.]]; [[34. 34. 34. 34. 34. 32. 32.]]; [[10168. 21870. 25904. 28706. 31848. 36404. 38154.]]
knn3: 35; 12; [[12.]]; [[12. 19. 35.]]; [[51584. 53608. 57234.]]
knn5: 35; 12; [[12.]]; [[12. 19. 35. 12.  3.]]; [[51584. 53608. 57234. 57360. 58480.]]
knn7: 35; 3; [[3.]]; [[12. 19. 35. 12.  3. 19.  3.]]; [[51584. 53608. 57234. 57360. 58480. 58738. 59356.]]
knn3: 36; 36; [[36.]]; [[36. 36. 36.]]; [[17914. 18538. 20570.]]
knn5: 36; 36; [[36.]]; [[36. 36. 36.  4. 20.]]; [[17914. 18538. 20570. 43752. 43964.]]
knn7: 36; 36; [[36.]]; [[36. 36. 36.  4. 20. 36. 33.]]; [[17914. 18538. 20570. 43752. 43964. 45752. 46118.]]
knn3: 37; 37; [[37.]]; [[37. 37.  7.]]; [[18514. 21680. 28422.]]
knn5: 37; 7; [[7.]]; [[37. 37.  7.  7.  7.]]; [[18514. 21680. 28422. 30308. 30756.]]
knn7: 37; 7; [[7.]]; [[37. 37.  7.  7.  7. 37.  7.]]; [[18514. 21680. 28422. 30308. 30756. 31128. 33500.]]
knn3: 38; 38; [[38.]]; [[38. 38. 38.]]; [[19826. 28292. 32864.]]
knn5: 38; 38; [[38.]]; [[38. 38. 38. 38. 29.]]; [[19826. 28292. 32864. 33088. 34204.]]
knn7: 38; 38; [[38.]]; [[38. 38. 38. 38. 29. 30.  6.]]; [[19826. 28292. 32864. 33088. 34204. 36240. 36460.]]
knn3: 39; 39; [[39.]]; [[39. 39. 21.]]; [[17150. 24066. 25012.]]
knn5: 39; 39; [[39.]]; [[39. 39. 21.  9. 39.]]; [[17150. 24066. 25012. 25206. 26516.]]
knn7: 39; 39; [[39.]]; [[39. 39. 21.  9. 39. 33. 18.]]; [[17150. 24066. 25012. 25206. 26516. 29600. 30392.]]
knn3: 40; 9; [[9.]]; [[40. 12.  9.]]; [[30478. 40908. 41378.]]
knn5: 40; 12; [[12.]]; [[40. 12.  9. 38. 12.]]; [[30478. 40908. 41378. 43630. 50462.]]
knn7: 40; 12; [[12.]]; [[40. 12.  9. 38. 12. 10. 28.]]; [[30478. 40908. 41378. 43630. 50462. 51454. 51466.]]
